
[Symulator]
Deklinacja=0.000000
Longitude=19-22-22
Latitude=52-44-12

[Angle flight]
Velocity=300.000000
Angle=0.000000
Distance=0.000000

[Theodolit]
Angle=0.000000
Distance=0.000000

[VOR_Flight]
Subcar=1.000000
Ref=1.000000
Height=1.000000
Var=1.000000
Omnibearing=0.000000
Theodolit=1
GPS=1

[Files]
Height=
GS.Deviation=
LOC.Deviation=
VOR.Omnibearing=
DEV.ADF=
AGC.ADF=
AGC.DME=
AGC.Marker=
MOD.LOC=
AGC.COMM=
AGC.GS=
AGC.LOC=
AGC.VOR=

[Markers]
Outer.On=1
Middle.On=1
Inner.On=1
Outer.where=1.000000,4.000000
Middle.where=1.000000,4.000000
Inner.where=1.000000,4.000000

[ILS_Flight]
MOD.LOC=0.000000
Threshold.Dist=0.000000
Landing.Dir=0.000000
Gliding.Slope.Outer=1.000000
Gliding.Slope.Middle=1.000000
Gliding.Slope.Inner=1.000000

[AGCs]
COMM=0.000000
Marker=0.000000
ADF=0.000000
DME=0.000000
GS=0.000000
LOC=0.000000

[Deviations]
LOC=0.000000
GS=0.000000
ADF=0.000000

[DME]
Squitter=0.000000
Replay=0.000000
