[Symulator]
Deklinacja=-1.000000
Longitude=14-15-16
Latitude=11-12-13
[Angle flight]
Velocity=150.000000
Angle=150.000000
Distance=10.000000

[Theodolit]
Angle=0.000000
Distance=0.000000
[VOR_Flight]
Subcar=0.000000
Ref=0.000000
Height=0.161987
Var=0.000000
Omnibearing=0.000000
Theodolit=1
GPS=1

[Files]
MOD.LOC=
Height=
GS.Deviation=
LOC.Deviation=
VOR.Omnibearing=namiar4.dat
DEV.ADF=
AGC.ADF=
AGC.DME=
AGC.Marker=wm2.dat
AGC.COMM=
AGC.GS=
AGC.LOC=
AGC.VOR=

[Markers]
Outer.On=1
Middle.On=1
Inner.On=1
Outer.where=5.640000,40.000000
Middle.where=2.640000,40.000000
Inner.where=2.280000,40.000000

[ILS_Flight]
MOD.LOC=1.000000
Landing.Dir=150.000000
Gliding.Slope.Outer=2.900000
Gliding.Slope.Middle=2.900000
Gliding.Slope.Inner=2.900000

[AGCs]
COMM=4.000000
Marker=-9.900000
ADF=6.900000
DME=7.700000
GS=10.000000
LOC=4.100000

[Deviations]
LOC=75.000000
GS=-180.000000
ADF=90.000000

[DME]
Squitter=2.600000
Replay=22.900000
